89
134
101
32
116
145
137
21
38
67
84
144
181
211
165
243
58
74
155
191
57
253
70
1
225
123
31
152
26
242
51
210
153
251
24
232
79
255
257
29
206
105
203
216
259
127
15
261
220
142
80
35
229
49
132
18
96
3
88
151
17
147
217
214
202
230
14
72
65
73
201
99
107
43
102
122
189
186
223
46
231
175
200
94
125
16
22
156
115
170
133
252
208
40
183
234
194
233
41
236
143
95
112
161
197
172
164
160
180
222
52
239
263
248
226
138
81
20
139
167
245
13
163
213
76
78
224
53
204
148
238
48
12
130
140
136
19
8
246
97
159
121
108
250
207
146
141
119
36
171
215
60
185
44
114
173
86
100
113
182
37
195
10
117
77
227
45
129
235
34
162
87
262
28
106
184
56
131
149
71
47
190
154
192
55
212
2
128
118
199
91
254
5
166
25
174
188
241
264
168
247
157
9
30
59
50
237
33
7
179
265
39
69
64
260
90
92
205
244
98
209
63
258
93
6
11
4
75
54
228
42
158
150
218
249
196
169
256
198
221
61
177
66
135
23
193
178
240
27
219
124
187
111
85
68
82
83
62
109
176
126
120