92
138
165
26
159
240
206
37
126
133
192
77
93
27
83
264
46
3
109
107
219
194
97
17
13
65
69
157
239
249
28
11
32
23
90
121
183
53
221
105
30
33
246
180
250
2
116
137
127
15
96
139
169
259
199
182
243
73
208
147
57
86
74
128
134
145
184
230
84
130
170
80
81
155
244
25
95
216
218
248
24
38
43
123
209
223
189
242
258
254
7
247
102
241
176
168
175
217
245
45
181
71
205
129
232
60
114
143
39
20
185
47
14
41
113
22
66
150
191
153
222
118
186
72
261
262
252
8
148
70
131
120
160
198
117
211
207
48
201
63
263
4
82
178
260
253
141
16
135
226
238
31
88
161
167
10
215
42
50
101
5
56
75
177
122
204
79
125
203
257
44
91
108
213
202
132
174
85
196
195
62
61
106
255
156
190
87
151
158
78
188
234
94
21
179
89
146
36
76
210
236
119
214
115
173
193
231
220
154
142
163
164
152
112
51
136
18
55
233
227
144
12
229
237
171
225
19
35
265
149
256
235
59
172
40
67
54
98
140
58
224
9
228
1
124
200
34
68
100
166
52
197
251
111
187
49
162
64
29
212
6